WE HAVE TOKENIZER
loaded tokenizer
<sentencepiece.SentencePieceProcessor; proxy of <Swig Object of type 'sentencepiece::SentencePieceProcessor *' at 0x161f14ff0> >
DONE
TINYSTORIES DATASET LOADED...
10.611440658569336
9.984967231750488
9.538546562194824
8.642772674560547
9.60904598236084
8.130171775817871
9.52125358581543
9.445935249328613
9.478713035583496
7.358367919921875
8.345547676086426
9.152983665466309
8.583744049072266
7.348826885223389
8.982559204101562
6.4619140625
7.972942352294922
8.061771392822266
6.727694034576416
7.939947605133057
7.4194560050964355
7.4844207763671875
7.7825608253479
6.585317134857178
6.924423694610596
7.240011215209961
7.095146656036377
7.965836048126221
7.328909873962402
7.807675838470459
8.117785453796387
7.431631565093994
6.7714996337890625
7.435519218444824
8.090352058410645
6.687057018280029
7.3304266929626465
6.962517261505127
7.731347560882568
7.271609306335449
6.572057723999023
6.7588887214660645
8.475639343261719
6.280303001403809
5.779773712158203
6.503946304321289
6.382747173309326
7.469881057739258
7.326503276824951
7.596426486968994
6.7445268630981445
5.791830539703369
7.173522472381592
6.6098952293396
7.074469089508057
7.904251575469971
7.654757022857666
7.062796115875244
7.285309314727783
6.723216533660889
7.6010332107543945
7.168510437011719
7.466891765594482
6.508790493011475
6.936140060424805
7.238658428192139
7.97005033493042
6.28840970993042
6.392735004425049
7.019237041473389
7.820808410644531
8.246156692504883
7.399903774261475
7.36991024017334
5.902096271514893
6.435792446136475
6.6793413162231445
6.431938648223877
7.602479934692383
6.7137017250061035
7.449362277984619
6.324522018432617
6.586732387542725
6.4066386222839355
6.944997310638428
8.322060585021973
6.950626373291016
7.105849266052246
7.05003023147583
7.90981912612915
7.0022711753845215
6.506583213806152
5.717243194580078
6.827732563018799
6.233870983123779
7.022223949432373
7.807455062866211
6.696775913238525
6.758101463317871
6.285435199737549
6.547050952911377
6.564245223999023
6.955946922302246
8.274528503417969
6.121862411499023
7.676614284515381
6.449345588684082
6.821972846984863
6.264337539672852
8.171833992004395
6.335257053375244
6.244067192077637
6.712630748748779
6.291797637939453
5.7270188331604
5.944687843322754
6.280264377593994
7.386442184448242
6.717151165008545
6.892308712005615
6.515772342681885
6.8774733543396
6.463764190673828
7.2073445320129395
6.7822394371032715
6.7185959815979
6.797412872314453
7.308438777923584
6.314300060272217
6.1422295570373535
6.488842964172363
7.359482288360596
6.9679155349731445
6.344938278198242
7.243191719055176
6.485732555389404
7.434879779815674
6.713181495666504
5.593303680419922
7.641679286956787
6.397589206695557
6.884377479553223
6.068472862243652
6.134131908416748
7.197353839874268
7.772099494934082
6.6104912757873535
6.546539783477783
7.851297378540039
6.7428202629089355
7.459819316864014
6.442711353302002
7.071081161499023
7.403731822967529
5.433909893035889
7.086694717407227
7.070626735687256
5.993860244750977
6.461271286010742
5.34544563293457
6.284109592437744
6.7544779777526855
6.2285003662109375
7.223170757293701
7.381721019744873
6.282712936401367
6.045455455780029
6.245375633239746
6.163961887359619
7.005018711090088
5.769423484802246
5.627471446990967
7.642237186431885
6.867149829864502
6.7367844581604
