tensor([[[-2.6703,  0.2411,  0.5625,  ..., -0.9301,  1.2989,  0.4288],
         [-0.6839,  0.6003,  1.1477,  ...,  0.1393, -0.4655, -0.9844],
         [-0.1036,  0.5730,  0.3328,  ..., -1.7945,  1.2217, -0.9438],
         ...,
         [-0.6877, -1.7974,  1.0417,  ...,  3.0612, -0.6668,  0.9210],
         [-0.6836, -1.8086,  1.0469,  ...,  3.0661, -0.6653,  0.9288],
         [-0.6887, -1.8132,  1.0604,  ...,  3.0674, -0.6611,  0.9245]],

        [[-0.4938, -2.2768, -1.2697,  ...,  1.9676, -1.1770,  0.3741],
         [-0.2407,  0.0334,  0.9639,  ...,  1.0813,  0.9254,  0.7677],
         [ 1.0003,  0.1032, -0.7205,  ...,  0.7005,  0.6398,  1.2171],
         ...,
         [-0.6194, -1.7418,  1.0306,  ...,  2.7600, -0.8296,  1.0487],
         [-0.6227, -1.7533,  1.0429,  ...,  2.7946, -0.8123,  1.0350],
         [-0.6273, -1.7680,  1.0460,  ...,  2.7898, -0.7921,  1.0281]],

        [[-0.7989, -2.0073, -1.1122,  ...,  2.1459, -1.1939,  0.4101],
         [-0.4415,  0.1295,  1.2107,  ...,  1.0849,  0.8540,  0.8193],
         [-0.8392,  0.1581,  1.4982,  ...,  0.8126, -0.3829, -0.8328],
         ...,
         [-0.6623, -1.8029,  1.0031,  ...,  2.8561, -0.7216,  1.0203],
         [-0.6607, -1.7988,  1.0165,  ...,  2.8681, -0.7086,  1.0084],
         [-0.6691, -1.7975,  1.0368,  ...,  2.8810, -0.7011,  1.0038]]],
       device='mps:0', requires_grad=True)
