WE HAVE TOKENIZER
loaded tokenizer
<sentencepiece.SentencePieceProcessor; proxy of <Swig Object of type 'sentencepiece::SentencePieceProcessor *' at 0x148640b40> >
DONE
TINYSTORIES DATASET LOADED...
10.567713737487793
tensor([[[-2.7545, -0.3992,  0.5696,  ..., -1.4238,  0.5373,  0.3413],
         [-0.6853,  0.4079,  1.3968,  ...,  0.3685, -0.7871, -0.9743],
         [-0.0058,  0.8397,  0.6451,  ..., -1.8757,  1.1179, -0.9632],
         ...,
         [-0.3652, -1.7279,  1.3379,  ...,  3.1514, -0.8611,  0.7496],
         [-0.3518, -1.7561,  1.3476,  ...,  3.1487, -0.8730,  0.7627],
         [-0.3508, -1.7539,  1.3640,  ...,  3.1445, -0.8708,  0.7550]],

        [[-0.2820, -2.3349, -1.4756,  ...,  2.3321, -1.3432,  0.0702],
         [-0.3338, -0.0427,  1.0445,  ...,  1.1967,  0.4950,  0.8892],
         [ 1.0622,  0.0764, -0.6549,  ...,  0.8269,  0.8357,  1.0314],
         ...,
         [-0.4997, -1.6169,  1.2127,  ...,  2.8225, -0.9143,  0.9855],
         [-0.4874, -1.6281,  1.2346,  ...,  2.8524, -0.9014,  0.9662],
         [-0.4754, -1.6581,  1.2343,  ...,  2.8359, -0.9034,  0.9534]],

        [[-0.8178, -1.8227, -1.4722,  ...,  2.5857, -1.3197,  0.2273],
         [-0.3511,  0.1862,  1.0984,  ...,  1.4346,  0.7090,  0.9966],
         [-0.9918,  0.2740,  1.4554,  ...,  1.1679, -0.0798, -0.5359],
         ...,
         [-0.4063, -1.6877,  1.1793,  ...,  2.9918, -0.8152,  0.8750],
         [-0.3910, -1.6814,  1.2079,  ...,  3.0027, -0.8106,  0.8603],
         [-0.3827, -1.6860,  1.2300,  ...,  3.0062, -0.8080,  0.8457]]],
       device='mps:0', requires_grad=True)
tensor([[[-2.7545, -0.3992,  0.5696,  ..., -1.4238,  0.5373,  0.3413],
         [-0.6853,  0.4079,  1.3968,  ...,  0.3685, -0.7871, -0.9743],
         [-0.0058,  0.8397,  0.6451,  ..., -1.8757,  1.1179, -0.9632],
         ...,
         [-0.3652, -1.7279,  1.3379,  ...,  3.1514, -0.8611,  0.7496],
         [-0.3518, -1.7561,  1.3476,  ...,  3.1487, -0.8730,  0.7627],
         [-0.3508, -1.7539,  1.3640,  ...,  3.1445, -0.8708,  0.7550]],

        [[-0.2820, -2.3349, -1.4756,  ...,  2.3321, -1.3432,  0.0702],
         [-0.3338, -0.0427,  1.0445,  ...,  1.1967,  0.4950,  0.8892],
         [ 1.0622,  0.0764, -0.6549,  ...,  0.8269,  0.8357,  1.0314],
         ...,
         [-0.4997, -1.6169,  1.2127,  ...,  2.8225, -0.9143,  0.9855],
         [-0.4874, -1.6281,  1.2346,  ...,  2.8524, -0.9014,  0.9662],
         [-0.4754, -1.6581,  1.2343,  ...,  2.8359, -0.9034,  0.9534]],

        [[-0.8178, -1.8227, -1.4722,  ...,  2.5857, -1.3197,  0.2273],
         [-0.3511,  0.1862,  1.0984,  ...,  1.4346,  0.7090,  0.9966],
         [-0.9918,  0.2740,  1.4554,  ...,  1.1679, -0.0798, -0.5359],
         ...,
         [-0.4063, -1.6877,  1.1793,  ...,  2.9918, -0.8152,  0.8750],
         [-0.3910, -1.6814,  1.2079,  ...,  3.0027, -0.8106,  0.8603],
         [-0.3827, -1.6860,  1.2300,  ...,  3.0062, -0.8080,  0.8457]]],
       device='mps:0', requires_grad=True)
